;---------------------------------------------------------------------------------------------------------
;调用文件	                地图	X	Y	姓名    	范围	形象	代码	
;---------------------------------------------------------------------------------------------------------
银杏村/助手小敏                 0       628     601     助手小敏        0       6       0       0       0
银杏村/屠夫	            	0	649	591	屠夫		0	11	0	0	0
银杏村/穆家店	        	0	621	642	穆家店老板	0	6	0	0	0
银杏村/杂货铺	             	0	643	611	陈家铺老板	0	3	0	0	0
银杏村/武器店	        	0	649	602	精武馆老板	0	0	0	0	0
银杏村/服饰店	          	0	643	601	高家店老板	0	7	0	0	0
银杏村/药店	        	0119	10	11	许中医		0	1	0	0	0
银杏村/炼药	        	0119	14	14	药剂师  	0	9	0	0	0
;---------------------------------------------------------------------------------------------------------
边界村/助手阿妍                 0       284     606     助手阿妍        0       6       0       0       0
边界村/屠夫                     0	293	603	屠夫	        0	11	0       0       0
边界村/药店	        	0	291	610	边界村小店老板	0	1	0	0	0
边界村/武器店	         	0	297	612	边界村铁匠铺	0	0	0	0	0
边界村/服饰店	         	0	305	607	白家服装老板	0	7	0	0	0
边界村/项链店	        	0141	10	10	项链店老板	0	6	0	0	0
边界村/手镯店	         	0141	16	16	手镯店老板	0	5	0	0	0
边界村/戒指店	        	0141	23	23	戒指店老板	0	4	0	0	0
边界村/仓库	        	0140	8	9	仓库保管员	0	9	0	0	0
边界村/书店	        	0132	5	18	朴家书屋老板	0	2	0	0	0
;---------------------------------------------------------------------------------------------------------
比奇城/屠夫	        	0	313	271	屠夫		0	4	0	0	0
比奇城/屠夫	        	0102	9	7	屠夫金氏	0	11	0	0	0
比奇城/药店	         	0	324	291	夏家店		0	5	0	0	0
比奇城/药店	          	0108	7	7	赖家店老板	0	1	0	0	0
比奇城/炼药	        	0109	4	8	沓水店老板	0	9	0	0	0
比奇城/书店	        	0	325	250	比奇书店	0	2	0	0	0
比奇城/书店	         	0104	5	8	陈家铺子老板	0	2	0	0	0
比奇城/仓库	        	0	301	257	仓库保管员	0	6	0	0	0
比奇城/仓库	         	0125	8	6	麦家铺子	0	9	0	0	0
比奇城/商人	        	0126	10	10	商人		0	9	0	0	0
比奇城/杂货铺	        	0	378	298	杂货铺老板	0	3	0	0	0
比奇城/彩票员	        	0	298	317	彩票员		0	3	0	0	0
比奇城/武器店	        	0103	19	18	卫家店		0	1	0	0	0
比奇城/项链店	        	0105	6	18	项链店		0	6	0	0	0
比奇城/手镯店	          	0105	12	12	手镯店		0	5	0	0	0
比奇城/戒指店	          	0105	18	6	戒指店		0	4	0	0	0
比奇城/美容师	         	0107	2	11	美容师  	0	7	0	0	0
比奇城/铁匠	           	0	302	219	铁匠铺老板	0	0	0	0	0
比奇城/老兵	         	0	330	270	比奇老兵	0	1	0	0	0
比奇城/武馆教头	        	0137	21	11	武馆教头	0	15	0	0	0
比奇城/武馆教头	        	0	327	360	武馆教头	0	15	0	0	0
比奇城/黄飞龙           	0111	7	11	黄飞龙	        0	3	0       0       0
比奇城/海边老兵          	0	107	415	海边老兵        0	1	0       0       0
比奇城/高级战士	         	0114	14	9	高级战士	0	3	0	0	0
比奇城/高级战士         	01141	14	9	高级战士	0	3	0       0       0
比奇城/高级战士         	01142	11	10	高级战士	0	3	0       0       0
比奇城/高级道士	        	0113	7	5	高级道士	0	3	0	0	0
比奇城/高级道士         	01132	11	10	高级道士	0	3	0       0       0
比奇城/高级魔法师       	0115	5	11	高级魔法师	0	3	0	0	0
比奇城/高级魔法师       	01152	11	10	高级魔法师	0	3	0       0       0
比奇城/网络文明宣传员    	0	326	261	网络文明宣传员	0	5	0	0	0
比奇城/天下第一男战士           0       359     239     A35             0       35	0	0	0
比奇城/天下第一女战士           0       354     234     A36             0       36	0	0	0
比奇城/天下第一男法师           0       365     233     A37             0       37	0	0	0
比奇城/天下第一女法师           0       360     228     A38             0       38	0	0	0
比奇城/天下第一男道士           0       362     236     A39             0       39	0	0	0
比奇城/天下第一女道士           0       357     231     A40             0       40	0	0	0

;---------------------------------------------------------------------------------------------------------
沃玛森林/孤独老人       	1       95      286	老人    	0	9	0	0	0
沃玛森林/安家铺子老板   	1	314	72	安家铺子老板	0	0	0	0	0
沃玛森林/合家药店老板   	1	309	81	合家药店老板	0	4	0	0	0
沃玛森林/老人	        	1	235	305	老人		0	9	0	0	0
沃玛森林/老兵	        	1	55	164	老兵		0	1	0	0	0
;---------------------------------------------------------------------------------------------------------
毒蛇山谷/铁匠	        	2	518	492	铁匠		0	0	0	0	0
毒蛇山谷/铁匠	        	0120	7	8	朴铁匠		0	0	0	0	0
毒蛇山谷/药店	        	2	505	497	药铺老板	0	1	0	0	0
毒蛇山谷/药店	        	0117	4	10	薄家药铺老板	0	1	0	0	0
毒蛇山谷/杂货店 		2	505	479	罗家铺子老板	0	3	0	0	0
毒蛇山谷/服饰店	        	2	517	477	米家服装老板	0	7	0	0	0
毒蛇山谷/仓库	        	2	517	466	仓库保管员	0	5	0	0	0
毒蛇山谷/神秘老人       	2	515	464	神秘老人	0	9	0	0	0
毒蛇山谷/入场处	        	2	450	300	入场员		0	2	0	0	0
毒蛇山谷/逃离点	        	F003	41	41	退场员		0	2	0	0	0
;---------------------------------------------------------------------------------------------------------
盟重城/肉店       		3	355	329	黄家肉店老板	0	11	0	0	0
盟重城/药店         		3	361	335	药店		0	1	1	0	0
盟重城/仓库	        	3	305	373	悦来客栈老板	0	6	0	0	0
盟重城/仓库	         	0145	9	12	仓库保管员	0	9	0	0	0
盟重城/商人             	0146	4	11	商人    	0	9	0	0	0
盟重城/勋章守护人         	0146	5	10	勋章守护人	0	1	0	0	0
盟重城/服饰店	         	0149	23	20	张家布店老板	0	7	0	0	0
盟重城/头盔店	        	0149	8	5	老张头盔店	0	5	0	0	0
盟重城/手套店	        	0149	11	18	手套店老板	0	4	0	0	0
盟重城/手镯店	        	0158	16	11	手镯店		0	6	0	0	0
盟重城/戒指店	        	0158	11	16	戒指店		0	5	0	0	0
盟重城/项链店	          	0158	4	21	项链店		0	4	0	0	0
盟重城/回收商人	         	0158	17	17	回收商人	0	17	0	0	0
盟重城/武器店	        	0159	5	9	铁匠铺		0	0	0	0	0
盟重城/书店	        	0161	11	16	书店		0	2	0	0	0
盟重城/杂货铺	        	3	346	334	流浪汉		0	3	0	0	0
盟重城/彩票员	          	3	284	343	彩票员		0	3	0	0	0
盟重城/药店	        	0160	5	8	罗家铺子老板	0	1	0	0	0
盟重城/林小姐	         	0148	10	9	林小姐		0	13	0	0	0
盟重城/小贩	        	3	855	661	陶氏		0	3	0	0	0
盟重城/占星法师         	3	850	662	占星法师	0	9	0       0       0
盟重城/武馆教头	        	3	286	341	武馆教头	0	15	0	0	0
盟重城/老兵	        	3	325	325	盟重老兵	0	1	0	0	0
盟重城/网络文明宣传员     	3	297	302	网络文明宣传员	0	5	0	0	0
盟重城/公告牌	        	3	339	335	公告牌		0	49      1       0       0
盟重城/龙影                     f006    102     96      龙影            0       20      0       0       0
;---------------------------------------------------------------------------------------------------------
沙巴克/杂货铺	        	3	663	304	小贩		0	3	1	0	0
沙巴克/屠夫	        	3	659	301	屠夫		0	1	1	0	0
沙巴克/特殊修理                 0151    3       19      铁匠铺          0       0       1       0       0
沙巴克/武器店	        	0151	7	14	武器铺		0	0	1	0	0
沙巴克/武器升级	        	0151	12	10	兵器店老板	0	0	1	0	0
沙巴克/商人	        	0152	4	15	商人		0	9	1	0	0
沙巴克/仓库	          	0152	7	12	仓库保管员	0	6	1	0	0
沙巴克/药店	         	0153	14	7	药店老板	0	1	1	0	0
沙巴克/炼药	        	0153	7	14	炼药老板	0	6	1	0	0
沙巴克/项链店	        	0154	3	18	项链店老板	0	6	1	0	0
沙巴克/戒指店	         	0154	10	15	戒指店老板	0	5	1	0	0
沙巴克/手镯店	        	0154	14	7	手镯店老板	0	6	1	0	0
沙巴克/服饰店	         	0155	13	7	布店老板	0	7	1	0	0
沙巴克/头盔店	        	0155	9	11	头盔店老板	0	5	1	0	0
沙巴克/白日门来客       	D701	101	157	白日门来客	0	20	0	0	0
;---------------------------------------------------------------------------------------------------------
白日门/仓库	        	11	184	297	仓库保管	0	10	0	0	0
白日门/特殊修理师傅        	11	203	321	特殊修理师傅	0	23	0	0	0
白日门/武器店	        	1001	14	12	武器店老板	0	15	0	0	0
白日门/天尊	        	11	225	272	天尊		0	14	0	0	0
白日门/季正             	D10061  11      16      季正            0       15      0	0	0
白日门/服饰店	         	1003	13	16	服装店老板	0	23	0	0	0
白日门/书店	        	1004	9	11	书店		0	18	0	0	0
白日门/首饰店	          	1005	9	11	首饰店		0	20	0	0	0
白日门/药店	        	1006	11	8	药店老板	0	25	0	0	0
白日门/药剂师	        	1006	9	10	药剂师		0	22	0	0	0
白日门/杂货铺	        	1007	11	14	杂货店		0	17	0	0	0
白日门/道术学员1        	11	191	329	道术学员	0	21	0	0	0
白日门/道术学员2        	11	189	327	道术学员	0	21	0	0	0
白日门/道术学员3        	11	191	325	道术学员	0	21	0	0	0
白日门/道术学员4        	11	193	327	道术学员	0	21	0	0	0
白日门/道术学员5        	11	195	325	道术学员	0	21	0	0	0
白日门/道术学员6         	11	193	323	道术学员	0	21	0	0	0
白日门/道术教头         	11	196	322	道术教头	0	24	0	0	0
白日门/武术教头	                11	182	308	武术教头	0	16	0	0	0
白日门/武术学员1                11      179	309	武术学员	0	19	0	0	0
白日门/武术学员2         	11	181	311	武术学员	0	19	0	0	0
白日门/武术学员3        	11	179	313	武术学员	0	19	0	0	0
白日门/武术学员4        	11	177	311	武术学员	0	19	0	0	0
白日门/武术学员5        	11	175	313	武术学员	0	19	0	0	0
白日门/武术学员6 	        11	177	315	武术学员	0	19	0	0	0
白日门/向导	        	11	186	299	向导		0	15	0	0	0
;---------------------------------------------------------------------------------------------------------
封魔谷/沃玛教主          	b341	17	22	沃玛教主	0	27	0	0	0
封魔谷/杂货铺	        	4	255	224	恶魔杂货匠	0	17	0	0	0
封魔谷/屠夫	        	4	243	187	恶魔屠夫	0	11	0	0	0
封魔谷/武器店	        	4	227	223	恶魔铁匠	0	0	0	0	0
封魔谷/武器店	        	b342	14	7	恶魔铁匠铺	0	0	0	0	0
封魔谷/炼药     		b343	14	10	恶魔炼药师	0	9	0	0	0
封魔谷/书店	        	b343	5	18	恶魔学者	0	2	0	0	0
封魔谷/首饰店	        	b344	13	10	恶魔首饰老板	0	5	0	0	0
封魔谷/服饰店	        	b345	12	10	恶魔布衣老板	0	6	0	0	0
封魔谷/仓库	        	b347	9	10	恶魔保管员	0	5	0	0	0
封魔谷/修理师    		d2008	31	24	恶魔修理师	0	0	0	0	0
封魔谷/老兵	        	4	238	196	恶魔老兵	0	1	0	0	0
封魔谷/老人	        	4	262	265	恶魔老人	0	9	0	0	0
;---------------------------------------------------------------------------------------------------------
苍月岛/杂货铺   		5	137	313	杂货店		0	3	0	0	0
苍月岛/书店     		5	155	298	书店		0	2	0	0	0
苍月岛/武器店   		5	127	306	武器店老板	0	1	0	0	0
苍月岛/首饰店    		5	155	339	首饰店		0	4	0	0	0
苍月岛/服饰店    		5	145	329	服装店老板	0	7	0	0	0
苍月岛/仓库     		5	126	332	仓库保管员	0	3	0	0	0
苍月岛/药店     		5	148	352	药铺老板	0	1	0	0	0
苍月岛/老兵     		5	139	326	海岛老兵	0	1	0	0	0
苍月岛/天虹法师    		5	118	366	天虹法师	0	24	0	0	0
;---------------------------------------------------------------------------------------------------------
魔龙城/杂货店	        	6	138	154	魔龙城杂货店	0	17	0	0	0
魔龙城/药店			6	129	143	魔龙城药店	0	22	0	0	0
魔龙城/守卫			GA1	15	25	魔龙城守卫	0	15	0	0	0
魔龙城/武器店			6	106	136	魔龙城武器店	0	28	0	0	0
魔龙城/首饰店			6	113	126	魔龙城首饰店	0	20	0	0	0
魔龙城/仓库			6	94	156	仓库管理员	0	17	0	0	0
魔龙城/服装店			6	108	162	魔龙城服装店	0	20	0	0	0
魔龙城/老兵			6	125	157	魔龙城老兵		0	1	0	0
魔龙城/向导			63	254	40	向导		0	15	0	0	0
魔龙城/仓库			63	256	42	仓库保管员	0	5	0	0	0
;---------------------------------------------------------------------------------------------------------
其它区域/石墓_武器店     	D71650	23	27	武器店老板	0	0	0	0	0
其它区域/石墓_衣服店     	D71651	23	27	衣服店老板	0	7	0	0	0
其它区域/石墓_首饰店     	D71652	23	27	首饰店老板	0	5	0	0	0
其它区域/石墓_药店       	D71653	23	27	药品店老板	0	3	0	0	0
其它区域/石墓_合成师     	R001	53	115	合成师		0	15	0	0	0
其它区域/石墓_神秘老人   	R001	21	84	神秘老人	0	9	0	0	0
其它区域/图书馆_特修    	D514	19	25	服装小贩	0	3	0
其它区域/死亡山谷_布店  	D608	30	22	布店老板	0	3	0	0	0
其它区域/祖玛阁_杂货店  	D5063	62	36	杂货店老板	0	1	0	0	0
其它区域/连接通道_老人  	E603	31	191	老人		0	9	0	0	0
其它区域/古墓二层_杳水商人      D002	174	216	杳水商人	0	3	0       0       0
其它区域/古墓二层_刘老头	D002	187	214	刘老头  	0	9	0	0	0
其它区域/兽人古墓_奸商  	DM001	4	6	奸商崔氏	0	9	0	0	0
其它区域/天然洞穴_小贩  	DM011	4	6	不法小贩	0	9	0	0	0
其它区域/神秘老人       	Q011	139	120	刘老头  	0	9	0       0       0
其它区域/成男           	Q016	14	21	成男    	0	12	0       0       0
其它区域/英雄之门_守卫		T318	13	9	镇魔守卫	0	15	0	0	0
其它区域/抉择之地_白日门勇士	D1004	67	230	白日门勇士	0	15	0	0	0
;---------------------------------------------------------------------------------------------------------
幻境-影之道/幻境_幻境小贩  	H003	89	79	幻境小贩	0	3	0	0	0
幻境-影之道/幻境_仓库管理员	H003	80	87	仓库管理员	0	9	0	0	0
幻境-影之道/幻境_幻境小贩  	H007	170	170	幻境商贩	0	3	0	0	0
幻境-影之道/幻境_仓库管理员	H007	160	180	仓库管理员	0	9	0	0	0
幻境-影之道/幻境_幻境向导  	H003	83	83	幻境向导	0	15	0	0	0
幻境-影之道/幻境_幻境向导  	H010	370	376	幻境引导	0	15	0	0	0
幻境-影之道/影之道_神秘老人     h102    208     226     神秘老人        0       1       0       0       0
幻境-影之道/影之道_禁地看护人   H106    100     93      禁地看护人      0       15      0       0       0
幻境-影之道/影之道_神秘老人	0150	16	8	神秘老人	0	9	0	0	0
幻境-影之道/影之道_沙巴克秘使   H201    20      96      沙巴克秘使      0       9       0       0       0
幻境-影之道/影之道_幻境小贩	H203	21	17	幻境商人	0	3	0	0	0
幻境-影之道/影之道_仓库保管员	H203	18	20	仓库保管处	0	9	0	0	0
幻境-影之道/影之道_神秘老人     H204    54      52      神秘老人        0       9       0       0       0
;---------------------------------------------------------------------------------------------------------
赌场/9Ega	                0101	8	6	赌场老人	0	9	0       0       0
赌场/9Ega	                B010	48	45	赌场老板	0	9	0       0       0
赌场/9Ega	                B011	8	10	赌场助理	0	12	0       0       0
赌场/9Ega	                B012	8	10	赌场助理	0	12	0       0       0
赌场/9Ega	                B013	8	10	赌场助理	0	12	0       0       0
赌场/9Ega	                B101	10	6	赌场小妖女	0	12	0       0       0
赌场/9Ega	                B102	10	6	赌场小妖女	0	12	0       0       0
赌场/9Ega	                B103	10	6	赌场小妖女	0	12	0       0       0
赌场/9Ega	                B104	10	6	赌场小妖女	0	12	0       0       0
赌场/9Ega	                B105	10	6	赌场小妖女	0	12	0       0       0
赌场/9Ega	                B106	10	6	赌场小妖女	0	12	0       0       0
赌场/9Ega	                B107	10	6	赌场小妖女	0	12	0       0       0
赌场/9Ega	                B108	10	6	赌场小妖女	0	12	0       0       0
赌场/9Ega	                B109	10	6	赌场小妖女	0	12	0       0       0
赌场/9Ega	                B110	10	6	赌场小妖女	0	12	0       0       0
赌场/9Ega	                B111	10	6	赌场小妖女	0	12	0       0       0
赌场/9Ega	                B112	10	6	赌场小妖女	0	12	0       0       0
赌场/9Ega	                B113	10	6	赌场小妖女	0	12	0       0       0
赌场/9Ega	                B114	10	6	赌场小妖女	0	12	0       0       0
赌场/9Ega	                B115	10	6	赌场小妖女	0	12	0       0       0
赌场/9Ega	                B116	10	6	赌场小妖女	0	12	0       0       0
赌场/9Ega	                B117	10	6	赌场小妖女	0	12	0       0       0
赌场/9Ega	                B118	10	6	赌场小妖女	0	12	0       0       0
赌场/9Ega	                B119	10	6	赌场小妖女	0	12	0       0       0
赌场/9Ega	                B120	10	6	赌场小妖女	0	12	0       0       0
赌场/9Ega	                B121	10	6	赌场小妖女	0	12	0       0       0
赌场/9Ega	                B122	10	6	赌场小妖女	0	12	0       0       0
赌场/9Ega	                B123	10	6	赌场小妖女	0	12	0       0       0
赌场/9Ega	                B124	10	6	赌场小妖女	0	12	0       0       0
赌场/9Ega	                B125	10	6	赌场小妖女	0	12	0       0       0
赌场/9Ega	                B126	10	6	赌场小妖女	0	12	0       0       0
赌场/9Ega	                B127	10	6	赌场小妖女	0	12	0       0       0
赌场/9Ega	                B128	10	6	赌场小妖女	0	12	0       0       0
赌场/9Ega	                B129	10	6	赌场小妖女	0	12	0       0       0
赌场/9Ega	                B130	10	6	赌场小妖女	0	12	0       0       0
赌场/9Ega	                B131	10	6	赌场小妖女	0	12	0       0       0
赌场/9Ega	                B132	10	6	赌场小妖女	0	12	0       0       0
赌场/9Ega	                B133	10	6	赌场小妖女	0	12	0       0       0
赌场/9Ega	                B134	10	6	赌场小妖女	0	12	0       0       0
赌场/9Ega	                B135	10	6	赌场小妖女	0	12	0       0       0
赌场/9Ega	                B136	10	6	赌场小妖女	0	12	0       0       0
赌场/9Ega	                B137	10	6	赌场小妖女	0	12	0       0       0
赌场/9Ega	                B138	10	6	赌场小妖女	0	12	0       0       0
赌场/9Ega	                B139	10	6	赌场小妖女	0	12	0       0       0
赌场/9Ega	                B140	10	6	赌场小妖女	0	12	0       0       0
赌场/9Ega1	                T105	7	6	恶棍    	0	11	0       0       0
赌场/9Ega2	                T105	6	5	恶棍    	0	11	0       0       0
赌场/9Ega3	                T105	8	7	恶棍    	0	11	0       0       0
赌场/9Ega4	                T105	9	8	恶棍    	0	11	0       0       0
赌场/9Ega5	                T105	10	9	恶棍    	0	11	0       0       0
赌场/9Ega	                T118A	14	15	赌场小妖女	0	12	0       0       0
赌场/9Ega	                T125	11	9	赌场小妖女	0	12	0       0       0
赌场/9Ega	                T1363	10	6	赌场小妖女	0	12	0       0       0
赌场/9Ega	                T138	9	10	赌场小妖女	0	12	0       0       0
;---------------------------------------------------------------------------------------------------------
1.85NPC
;---------------------------------------------------------------------------------------------------------
银杏村/炼金师		        0	287	607	炼金师		0	3	0	0	0
边界村/炼金师		        0	650	620	炼金师		0	3	0	0	0
比奇城/炼金师		        0	325	262	炼金师		0	3	0	0	0
盟重城/炼金师		        3	326	330	炼金师		0	3	0	0	0
苍月岛/炼金师			5	139	333	炼金师		0	3	0	0	0
地下宫殿/炼金师		        D505A	165	175	炼金师		0	3	0	0	0
盟重城/金牌尊者	                3	331	328	金牌尊者	0	15	0	0	0
盟重城/领奖使者	                3	332	328	领奖使者	0	15	0	0	0
盟重城/封印人		        3	323	330	封印人		0	17	0	0	0
盟重城/镇魔守将         	3	322	340	镇魔守将	0	15	0	0	0
盟重城/卧龙笔记	        	3	326	340	卧龙笔记	0	70	0	0	0
苍月岛/锻造师	        	B351	8	8	锻造师		0	7	0	0	0
盟重城/神秘来客			0161	3	10	神秘来客	0	24	0	0	0
其它区域/沃玛大厅_白日门门徒  	D024     50     50      白日门门徒      0       29      0	0	0
;---------------------------------------------------------------------------------------------------------
酒馆/鉴宝散人			0170	9	18	鉴宝散人	0	20	0	0	0
酒馆/影月			3	379	304	影月		0	81	0	0	0
酒馆/辰星			3	380	305	辰星		0	82	0	0	0
酒馆/翔天			3	380	304	翔天		0	83	0	0	0
酒馆/店小二			3	383	307	店小二		0	76	0	0	0
酒馆/跑堂小虎			0170	15	17	跑堂小虎	0	76	0	0	0
酒馆/酒馆老板娘			0170	19	21	酒馆老板娘	0	77	0	0	0	
酒馆/洞穴探险者			hl001	19	223	洞穴探险者	0	15	0	0	0
酒馆/小贩			hl002	103	67	小贩		0	3	0	0	0
酒馆/小贩			hl002	119	79	小贩		0	7	0	0	0
酒馆/洞穴探险者			hl002	80	154	洞穴探险者	0	15	0	0	0
;---------------------------------------------------------------------------------------------------------
庄园/炼金师			GA0	65	72	炼金师		0	3	0	0	0
庄园/庄园管家			GA0	50	48	庄园管家	0	7	0	0	0
庄园/庄园保管员			GA0	68	69	庄园仓库	0	1	0	0	0
庄园/灵符仙子			GA0	66	66	灵符仙子	0	12	0	0	0
庄园/元宝使者			GA0	70	67	元宝使者	0	15	0	0	0
;---------------------------------------------------------------------------------------------------------
解封除魔/邪窟试炼员	        0111A	5	8	邪窟试炼员	0	15	0	0	0
解封除魔/邪窟一镇魔侍卫	        D413A	85	11	镇魔侍卫	0	15	0	0	0
解封除魔/邪窟二镇魔侍卫        	E404A	68	53	镇魔侍卫	0	15	0	0	0
解封除魔/矿洞试炼员	        0111B	5	8	矿洞试炼员	0	15	0	0	0
解封除魔/矿洞一镇魔侍卫	        D411A	60	7	镇魔侍卫	0	15	0	0	0
解封除魔/矿洞二镇魔侍卫	        D412A	57	24	镇魔侍卫	0	15	0	0	0
解封除魔/地穴试炼员	        0111C	5	8	地穴试炼员	0	15	0	0	0
解封除魔/地穴一镇魔侍卫        	D613B	8	51	镇魔侍卫	0	15	0	0	0
解封除魔/地穴二镇魔侍卫        	D617A	45	43	镇魔侍卫	0	15	0	0	0
解封除魔/石墓试炼员	        0111D	5	8	石墓试炼员	0	15	0	0	0
解封除魔/石墓一镇魔侍卫	        E702A	60	69	镇魔侍卫	0	15	0	0	0
解封除魔/石墓二镇魔侍卫        	E703A	49	45	镇魔侍卫	0	15	0	0	0
解封除魔/神殿试炼员	        0111E	5	8	神殿试炼员	0	15	0	0	0
解封除魔/神殿一镇魔侍卫        	D5072A	90	21	镇魔侍卫	0	15	0	0	0
解封除魔/神殿二镇魔侍卫        	0157A	22	12	镇魔侍卫	0	15	0	0	0
解封除魔/热血令镇魔侍卫1	TX02	14	15	镇魔侍卫	0	15	0	0	0
解封除魔/热血令镇魔侍卫2	TX03	29	81	镇魔侍卫	0	15	0	0	0
解封除魔/热血令镇魔侍卫3	TX04	27	27	镇魔侍卫	0	15	0	0	0
解封除魔/封印镇魔侍卫	        M100B	29	81	镇魔侍卫	0	15	0	0	0
解封除魔/封印师		        T340A	15	15	封印师		0	20	0	0	0
解封除魔/封印人		        D2002A	17	14	封印人		0	17	0	0	0
解封除魔/七仙女	        	M101	26	33	七仙女		0	12	0	0	0
解封除魔/导师			EM300A	13	9       导师            0       17      0	0	0
解封除魔/教头		        0148	9	9	教头		0	20	0	0	0
解封除魔/教头		        1002A	15	12      教头            0       18      0	0	0
解封除魔/教头		        T134A	33	8       教头            0       18      0	0	0
解封除魔/教头		        T134B	33	8       教头            0       18      0	0	0
解封除魔/教头		        D2001B	19	99      教头            0       20      0	0	0
;-----------------------------------------------------------------------------------------------------
地下宫殿/迷宫商人	        T1061B	17	22	迷宫商人	0	17	0	0	0
地下宫殿/地下城守卫	        T1061B	20	24	地下城守卫	0	15	0	0	0
地下宫殿/仓库管理员	        D505A	160	180	仓库管理员	0	9	0	0	0
地下宫殿/炼金师		        D505A	165	175	炼金师		0	3	0	0	0
地下宫殿/宫殿小贩	        D505A	170	170	宫殿小贩	0	3	0	0	0
地下宫殿/宫殿小贩	        DM002A	19	21	宫殿小贩	0	17	0	0	0
地下宫殿/宫殿看守	        DM002A	18	15	宫殿看守	0	15	0	0	0
地下宫殿/地下城守卫	        D2070A	34	22	地下城守卫	0	15	0	0	0
地下宫殿/地下城守卫	        D411B	60	7	地下城守卫	0	15	0	0	0
地下宫殿/天工神剪	        T240	15	16	天工神剪	0	15	0	0	0
;-----------------------------------------------------------------------------------------------------
卧龙山庄/山庄守护人             0115A   3       5       山庄守护人      0       14      0       0       0
卧龙山庄/仓库                   0135A   7       7       仓库管理员      0       6       0       0       0
卧龙山庄/小贩                   0131A   6       11      小贩            0       3       0       0       0
卧龙山庄/小贩                   0135B   7       6       小贩            0       3       0       0       0
卧龙山庄/橙色卧龙古书           HERO1   63      185     橙色卧龙古书    0       71      0       0       0
卧龙山庄/红色卧龙古书           HERO1   192     191     红色卧龙古书    0       72      0       0       0
卧龙山庄/黄色卧龙古书           HERO1   89      141     黄色卧龙古书    0       73      0       0       0
卧龙山庄/绿色卧龙古书           HERO1   147     90      绿色卧龙古书    0       74      0       0       0
卧龙山庄/蓝色卧龙古书           HERO1   219     59      蓝色卧龙古书    0       75      0       0       0
卧龙山庄/空宝箱                 HERO1   56      41      33　            0       91      0       0       0 0 1
卧龙山庄/空宝箱                 HERO1   57      40      44　            0       91      0       0       0 0 1
卧龙山庄/空宝箱                 HERO1   58      39      55　            0       91      0       0       0 0 1
卧龙山庄/空宝箱                 HERO1   59      38      66　            0       91      0       0       0 0 1
卧龙山庄/空宝箱                 HERO1   60      37      77　            0       91      0       0       0 0 1
卧龙山庄/空宝箱                 HERO1   61      36      88　            0       91      0       0       0 0 1
卧龙山庄/空宝箱                 HERO1   58      41      88　            0       91      0       0       0 0 1
卧龙山庄/空宝箱                 HERO1   58      40      88　            0       92      0       0       0 0 1
卧龙山庄/空宝箱                 HERO1   59      39      88　            0       92      0       0       0 0 1
卧龙山庄/空宝箱                 HERO1   60      38      88　            0       92      0       0       0 0 1
卧龙山庄/空宝箱                 HERO1   61      36      88　            0       92      0       0       0 0 1
卧龙山庄/空宝箱                 HERO1   57      43      99　            0       92      0       0       0 0 1
卧龙山庄/空宝箱                 HERO1   56      43      11　            0       90      0       0       0 0 1
卧龙山庄/空宝箱                 HERO1   55      42      22　            0       90      0       0       0 0 1
卧龙山庄/空宝箱                 HERO1   59      41      22　            0       90      0       0       0 0 1
卧龙山庄/空宝箱                 HERO1   61      40      22　            0       90      0       0       0 0 1
卧龙山庄/空宝箱                 HERO1   62      38      22　            0       90      0       0       0 0 1
卧龙山庄/火龙宝藏               HERO1   61      44      火龙宝藏        2       66      0       0       0 0 1
卧龙山庄/火龙宝藏               HERO1   62      43      火龙宝藏        3       65      0       0       0 0 1
卧龙山庄/火龙宝藏               HERO1   64      42      火龙宝藏        3       65      0       0       0 0 1
卧龙山庄/火龙宝藏               HERO1   60      46      火龙宝藏        3       65      0       0       0 0 1
卧龙山庄/神秘宝藏               HERO1   63      45      神秘宝藏        3       62      0       0       0 0 1
;---------------------------------------------------------------------------------------------------------
天关-魔王岭/魔王岭护卫		D5071A	9	9	魔王岭护卫	0	31	0	0	0
天关-魔王岭/天关守卫		D5071A	7	9	天关守卫	0	8	0	0	0
天关-魔王岭/天关药师		D5071A	11	8	药师		0	22	0	0	0
天关-魔王岭/通道仓库		D5071A	12	7	通道仓库	0	1	0	0	0
天关-魔王岭/天庭保管员		0122A	28	31	天庭仓库	0	1	0	0	0
天关-魔王岭/天庭小贩		0122A	22	26	天庭小贩	0	3	0	0	0
天关-魔王岭/文曲星君		0122A	29	32	文曲星君	0	14	0	0	0
天关-魔王岭/天庭守卫		0122A	27	28	天庭守卫	0	18	0	0	0
天关-魔王岭/天关统领		EM001	20	23	天关统领	0	8	0	0	0
天关-魔王岭/天关统领		EM002	20	23	天关统领	0	8	0	0	0
天关-魔王岭/天关统领		EM003	20	23	天关统领	0	8	0	0	0
天关-魔王岭/天关统领		EM004	20	23	天关统领	0	8	0	0	0
天关-魔王岭/天关统领		EM005	20	23	天关统领	0	8	0	0	0
天关-魔王岭/魔王岭守卫	        k004A	37	39	魔王岭守卫	0	31	0	0	0
天关-魔王岭/魔王岭守卫	        k004B	37	39	魔王岭守卫	0	31	0	0	0
天关-魔王岭/魔王岭守卫	        k004C	37	39	魔王岭守卫	0	31	0	0	0
天关-魔王岭/魔王岭守卫	        k004D	37	39	魔王岭守卫	0	31	0	0	0
天关-魔王岭/魔王岭守卫	        k004E	37	39	魔王岭守卫	0	31	0	0	0
天关-魔王岭/圣殿卫士		D515F	20	23	圣殿卫士	0	18	0
;---------------------------------------------------------------------------------------------------------
英雄任务/白日门囚犯	        0162	9	13	白日门囚犯	0	29	0	0	0
英雄任务/白日门囚犯		0156A	13	11	白日门囚犯	0	29	0	0	0
英雄任务/白日门囚犯		0162A	9	13	白日门囚犯	0	29	0	0	0
英雄任务/比奇门徒		0	349	317	比奇门徒	0	29	0	0	0
英雄任务/服饰店   	        0106	19	6	安家布衣	0	7	0	0	0
英雄任务/富商		        0132A	12	7	富商		0	16	0	0	0
英雄任务/顾大娘		        0	614	507	顾大娘		0	6	0	0	0
英雄任务/管家		        0128	1	7	管家		0	9	0	0	0
英雄任务/牢房守卫		3	392	329	牢房守卫	0	32	0	0	0
英雄任务/牢房守卫		B342A	9	12	牢房守卫	0	27	0	0	0
英雄任务/炼药     	        5	161	314	药剂师		0	9	0	0	0
英雄任务/龙人		        11	163	327	龙人		0	15	0	0	0
英雄任务/剑豪	        	Q004A	15	14	剑豪		0	15	0	0	0
英雄任务/盟重门徒		3	343	319	盟重门徒	0	29	0	0	0
英雄任务/密道守卫		B102B	10	6	密道守卫	0	21	0	0	0
英雄任务/密道守卫		M001A	278	283	密道守卫	0	21	0	0	0
英雄任务/密使		        B356	15	13	密使		0	29	0	0	0
英雄任务/募兵官		        0	406	229	募兵官		0	18	0	0	0
英雄任务/募兵官		        0110A	8	9	募兵官		0	18	0	0	0
英雄任务/神秘人		        B354	11	11	神秘人		0	8	0	0	0
英雄任务/守卫		        T1343A	5	36	守卫		0	15	0	0	0
英雄任务/守卫官兵		3	595	285	守卫官兵	0	26	0	0	0
英雄任务/老吴   	        D608	26	27	老吴		0	9	0	0	0
英雄任务/天工神锁	        1	319	57	天工神锁	0	20	0	0	0
英雄任务/押送犯		        F005A	41	46	押送犯		0	29	0	0	0
英雄任务/押送官		        F005A	42	45	押送官		0	27	0	0	0
英雄任务/药师的徒弟	        T340	18	11	药师的徒弟	0	17	0	0	0
英雄任务/英奇		        0144	5	15	英奇		0	10	0	0	0
英雄任务/英奇的伙计	        D613A	13	14	英奇的伙计	0	1	0	0	0
英雄任务/长老		        HERO001	24	21	长老		0	14	0	0	0
英雄任务/药店        		b343	9	13	恶魔药剂师	0	4	0	0	0
;----------------------------------------------------------------------------------------------
藏经阁/0号秘室守卫		MS00	11	11	看守人  	0	26	0
藏经阁/1号秘室守卫		MS01	10	6	看守人  	0	26	0
藏经阁/2号秘室守卫		MS02	10	6	看守人  	0	26	0
藏经阁/3号秘室守卫		MS03	10	6	看守人  	0	26	0
藏经阁/4号秘室守卫		MS04	10	6	看守人  	0	26	0
藏经阁/5号秘室守卫		MS05	10	6	看守人  	0	26	0
藏经阁/6号秘室守卫		MS06	10	6	看守人  	0	26	0
藏经阁/7号秘室守卫		MS07	10	6	看守人  	0	26	0
藏经阁/8号秘室守卫		MS08	10	6	看守人  	0	26	0
藏经阁/9号秘室守卫		MS09	10	6	看守人  	0	26	0
藏经阁/10号秘室守卫		MS10	10	6	看守人  	0	26	0
藏经阁/11号秘室守卫		MS11	10	6	看守人  	0	26	0
藏经阁/12号秘室守卫		MS12	10	6	看守人  	0	26	0
藏经阁/13号秘室守卫		MS13	10	6	看守人  	0	26	0
藏经阁/14号秘室守卫		MS14	10	6	看守人  	0	26	0
藏经阁/15号秘室守卫		MS15	10	6	看守人  	0	26	0
藏经阁/16号秘室守卫		MS16	10	6	看守人  	0	26	0
藏经阁/17号秘室守卫		MS17	10	6	看守人  	0	26	0
藏经阁/18号秘室守卫		MS18	10	6	看守人  	0	26	0
藏经阁/19号秘室守卫		MS19	10	6	看守人  	0	26	0
藏经阁/20号秘室守卫		MS20	10	6	看守人  	0	26	0
藏经阁/21号秘室守卫		MS21	10	6	看守人  	0	26	0
藏经阁/22号秘室守卫		MS22	10	6	看守人  	0	26	0
藏经阁/23号秘室守卫		MS23	10	6	看守人  	0	26	0
藏经阁/24号秘室守卫		MS24	10	6	看守人  	0	26	0
藏经阁/25号秘室守卫		MS25	10	6	看守人  	0	26	0
藏经阁/26号秘室守卫		MS26	10	6	看守人  	0	26	0
藏经阁/27号秘室守卫		MS27	10	6	看守人  	0	26	0
藏经阁/28号秘室守卫		MS28	10	6	看守人  	0	26	0
藏经阁/29号秘室守卫		MS29	10	6	看守人  	0	26	0
藏经阁/30号秘室守卫		MS30	10	6	看守人  	0	26	0
藏经阁/31号秘室守卫		MS31	10	6	看守人  	0	26	0
藏经阁/32号秘室守卫		MS32	10	6	看守人  	0	26	0
藏经阁/33号秘室守卫		MS33	10	6	看守人  	0	26	0
藏经阁/34号秘室守卫		MS34	10	6	看守人  	0	26	0
藏经阁/35号秘室守卫		MS35	10	6	看守人  	0	26	0
藏经阁/36号秘室守卫		MS36	10	6	看守人  	0	26	0
藏经阁/37号秘室守卫		MS37	10	6	看守人  	0	26	0
藏经阁/38号秘室守卫		MS38	10	6	看守人  	0	26	0
藏经阁/39号秘室守卫		MS39	10	6	看守人  	0	26	0
藏经阁/40号秘室守卫		MS40	10	6	看守人  	0	26	0
;----------------------------------------------------------------------------------------------
藏宝阁/藏宝阁守卫   		CB00   	14 	16   	看守人    	0    	26    	0
藏宝阁/藏宝阁守卫  		CB01   	14 	16   	看守人    	0    	26    	0
藏宝阁/藏宝阁守卫   		CB02   	14 	16   	看守人    	0    	26    	0
藏宝阁/藏宝阁守卫   		CB03   	14 	16   	看守人    	0    	26    	0
藏宝阁/藏宝阁守卫   		CB04   	14 	16   	看守人    	0    	26    	0
藏宝阁/藏宝阁守卫   		CB05   	14 	16   	看守人    	0    	26    	0
藏宝阁/藏宝阁守卫   		CB06   	14 	16   	看守人    	0    	26    	0
藏宝阁/藏宝阁守卫   		CB07   	14 	16   	看守人    	0    	26    	0
藏宝阁/藏宝阁守卫   		CB08   	14 	16   	看守人    	0    	26    	0
藏宝阁/藏宝阁守卫   		CB09   	14 	16   	看守人    	0    	26    	0
藏宝阁/藏宝阁守卫   		CB10   	14 	16   	看守人    	0    	26    	0
藏宝阁/藏宝阁守卫   		CB11   	14 	16   	看守人    	0    	26    	0
藏宝阁/藏宝阁守卫   		CB12   	14 	16   	看守人    	0    	26    	0
藏宝阁/藏宝阁守卫   		CB13   	14 	16   	看守人    	0    	26    	0
藏宝阁/藏宝阁守卫   		CB14   	14 	16   	看守人    	0    	26    	0
藏宝阁/藏宝阁守卫   		CB15   	14 	16   	看守人    	0    	26    	0
藏宝阁/藏宝阁守卫   		CB16   	14 	16   	看守人    	0    	26    	0
藏宝阁/藏宝阁守卫   		CB17   	14 	16   	看守人    	0    	26    	0
藏宝阁/藏宝阁守卫   		CB18   	14 	16   	看守人    	0    	26    	0
藏宝阁/藏宝阁守卫   		CB19   	14 	16   	看守人    	0    	26    	0
藏宝阁/藏宝阁守卫   		CB20   	14 	16   	看守人    	0    	26    	0
藏宝阁/藏宝阁守卫   		CB21   	14 	16   	看守人    	0    	26    	0
藏宝阁/藏宝阁守卫   		CB22   	14 	16   	看守人    	0    	26    	0
藏宝阁/藏宝阁守卫   		CB23   	14 	16   	看守人    	0    	26    	0
藏宝阁/藏宝阁守卫   		CB24   	14 	16   	看守人    	0    	26    	0
藏宝阁/藏宝阁守卫   		CB25   	14 	16   	看守人    	0    	26    	0
藏宝阁/藏宝阁守卫   		CB26   	14 	16   	看守人    	0    	26    	0
藏宝阁/藏宝阁守卫   		CB27   	14 	16   	看守人    	0    	26    	0
藏宝阁/藏宝阁守卫   		CB28   	14 	16   	看守人    	0    	26    	0
藏宝阁/藏宝阁守卫   		CB29   	14 	16   	看守人    	0    	26    	0
藏宝阁/藏宝阁守卫   		CB30   	14 	16   	看守人    	0    	26    	0
藏宝阁/藏宝阁守卫   		CB31   	14 	16   	看守人    	0    	26    	0
藏宝阁/藏宝阁守卫   		CB32   	14 	16   	看守人    	0    	26    	0
藏宝阁/藏宝阁守卫   		CB33   	14 	16   	看守人    	0    	26    	0
藏宝阁/藏宝阁守卫   		CB34   	14 	16   	看守人    	0    	26    	0
藏宝阁/藏宝阁守卫   		CB35   	14 	16   	看守人    	0    	26    	0
藏宝阁/藏宝阁守卫   		CB36   	14 	16   	看守人    	0    	26    	0
藏宝阁/藏宝阁守卫   		CB37   	14 	16   	看守人    	0    	26    	0
藏宝阁/藏宝阁守卫   		CB38   	14 	16   	看守人    	0    	26    	0
藏宝阁/藏宝阁守卫   		CB39   	14 	16   	看守人    	0    	26    	0
藏宝阁/藏宝阁守卫   		CB40   	14 	16   	看守人    	0    	26    	0
藏宝阁/藏宝阁守卫   		CB41   	14 	16   	看守人    	0    	26    	0
藏宝阁/藏宝阁守卫   		CB42   	14 	16   	看守人    	0    	26    	0
藏宝阁/藏宝阁守卫   		CB43   	14 	16   	看守人    	0    	26    	0
藏宝阁/藏宝阁守卫   		CB44   	14 	16   	看守人    	0    	26    	0
藏宝阁/藏宝阁守卫   		CB45   	14 	16   	看守人    	0    	26    	0
藏宝阁/藏宝阁守卫   		CB46   	14 	16   	看守人    	0    	26    	0
藏宝阁/藏宝阁守卫   		CB47   	14 	16   	看守人    	0    	26    	0
藏宝阁/藏宝阁守卫   		CB48   	14 	16   	看守人    	0    	26    	0
藏宝阁/藏宝阁守卫   		CB49   	14 	16   	看守人    	0    	26    	0
藏宝阁/藏宝阁守卫   		CB50   	14 	16   	看守人    	0    	26    	0
藏宝阁/藏宝阁守卫   		CB51   	14 	16   	看守人    	0    	26    	0
藏宝阁/藏宝阁守卫   		CB52   	14 	16   	看守人    	0    	26    	0
藏宝阁/藏宝阁守卫   		CB53   	14 	16   	看守人    	0    	26    	0
藏宝阁/藏宝阁守卫   		CB54   	14 	16   	看守人    	0    	26    	0
藏宝阁/藏宝阁守卫   		CB55   	14 	16   	看守人    	0    	26    	0
藏宝阁/藏宝阁守卫   		CB56   	14 	16   	看守人    	0    	26    	0
藏宝阁/藏宝阁守卫   		CB57   	14 	16   	看守人    	0    	26    	0
藏宝阁/藏宝阁守卫   		CB58   	14 	16   	看守人    	0    	26    	0
藏宝阁/藏宝阁守卫   		CB59   	14 	16   	看守人    	0    	26    	0
藏宝阁/藏宝阁守卫   		CB60   	14 	16   	看守人    	0    	26    	0